#Mapdownoloader Properties
title=Lippesee
zoom=17
dpi=149
north=51.768239d
west=8.646054d
south=51.744811d
east=8.695625d
