#Mapdownoloader Properties
title=Mazury
zoom=11
dpi=149
north=54.2226821d
west=21.4434443d
south=53.530512d
east=21.991667d